889.00
630.00
548.00
577.00
571.00
569.00
740.00
770.00
1232.00
551.00
611.00
680.00
604.00
553.00
557.00
553.00
564.00
548.00
547.00
572.00
572.00
562.00
563.00
556.00
553.00
555.00
564.00
605.00
587.00
584.00
574.00
660.00
680.00
694.00
732.00
762.00
799.00
945.00
653.00
653.00
1086.00
690.00
575.00
614.00
563.00
563.00
579.00
564.00
582.00
639.00
********************
365.00
352.00
365.00
406.00
371.00
394.00
384.00
378.00
376.00
369.00
362.00
372.00
357.00
371.00
375.00
437.00
459.00
406.00
1896.00
984.00
1086.00
530.00
767.00
616.00
439.00
673.00
624.00
605.00
368.00
372.00
374.00
385.00
373.00
376.00
384.00
374.00
373.00
373.00
374.00
374.00
407.00
380.00
380.00
372.00
378.00
373.00
374.00
372.00
373.00
370.00
********************
244.00
221.00
295.00
268.00
317.00
525.00
310.00
413.00
260.00
310.00
648.00
369.00
375.00
268.00
265.00
302.00
273.00
269.00
265.00
268.00
277.00
277.00
269.00
274.00
508.00
306.00
548.00
753.00
382.00
1576.00
344.00
615.00
321.00
507.00
275.00
598.00
216.00
234.00
307.00
319.00
289.00
285.00
297.00
283.00
285.00
314.00
270.00
274.00
280.00
280.00
********************
