1155398.00
1158511.00
1166605.00
1155728.00
1156845.00
1144450.00
1165958.00
1163931.00
1158655.00
1185490.00
1174226.00
1232468.00
1228592.00
1242201.00
1154159.00
1165493.00
1159263.00
1155224.00
1146046.00
1221481.00
1253319.00
1203754.00
1160180.00
1160719.00
1190023.00
1182140.00
1161382.00
1173118.00
1163827.00
1147355.00
1166088.00
1153640.00
1189451.00
1204566.00
1183911.00
1158286.00
1183544.00
1199305.00
1174553.00
1153778.00
1174552.00
1176945.00
1150543.00
1154821.00
1161872.00
1161839.00
1164159.00
1174766.00
1210901.00
1198730.00
********************
472541.00
468665.00
479673.00
475061.00
477111.00
471046.00
470531.00
471279.00
490954.00
460399.00
472613.00
473946.00
470912.00
485364.00
468475.00
486475.00
475706.00
466076.00
472198.00
472464.00
467729.00
470289.00
464894.00
461668.00
472647.00
462433.00
470087.00
460356.00
468831.00
480729.00
461875.00
459658.00
480088.00
475087.00
461083.00
471803.00
469484.00
475027.00
460125.00
479692.00
478522.00
494492.00
497198.00
467682.00
467284.00
465032.00
463678.00
467599.00
466096.00
469267.00
********************
2352170.00
2336520.00
2331469.00
2337115.00
2326296.00
2338217.00
2340336.00
2324998.00
2342987.00
2351468.00
2336443.00
2353000.00
2388846.00
2329802.00
2339808.00
2345275.00
2329242.00
2381223.00
2332534.00
2398631.00
2403748.00
2410055.00
2324433.00
2334398.00
2363368.00
2362494.00
2335816.00
2351006.00
2355980.00
2335242.00
2333487.00
2324523.00
2376517.00
2377779.00
2379259.00
2348296.00
2355994.00
2351608.00
2335617.00
2385520.00
2420291.00
2320455.00
2356868.00
2361953.00
2290591.00
2271058.00
2268867.00
2296262.00
2346625.00
2312444.00
********************
