1386425.00
1402226.00
1398714.00
1369834.00
1392978.00
1412539.00
1475373.00
1495334.00
1520046.00
1396629.00
1437951.00
1425850.00
1444673.00
1433675.00
1452237.00
1395203.00
1397332.00
1409265.00
1379129.00
1390489.00
1383771.00
1391659.00
1375477.00
1404709.00
1413411.00
1456621.00
1527290.00
1514147.00
1419365.00
1422145.00
1442288.00
1418700.00
1418028.00
1418926.00
1420287.00
1429236.00
1391239.00
1401232.00
1376548.00
1383390.00
1428189.00
1390877.00
1399621.00
1373236.00
1391233.00
1393043.00
1387450.00
1392405.00
1390107.00
1375999.00
********************
911440.00
924630.00
926530.00
915054.00
909164.00
914186.00
919015.00
928452.00
914220.00
908265.00
914506.00
920271.00
912176.00
921494.00
920977.00
928661.00
908221.00
911241.00
925111.00
922739.00
915904.00
919056.00
926130.00
957371.00
909529.00
946389.00
931903.00
904561.00
916438.00
923997.00
925949.00
912269.00
906651.00
916650.00
914693.00
919457.00
905062.00
903940.00
900643.00
917244.00
929052.00
922568.00
919203.00
923835.00
936971.00
936651.00
917588.00
926972.00
923365.00
923743.00
********************
2751916.00
2740662.00
2810336.00
2842901.00
2858400.00
2827960.00
2793306.00
2810391.00
2817329.00
2768127.00
2788597.00
2824836.00
2752451.00
2747762.00
2841064.00
2790549.00
2812692.00
2774947.00
2814115.00
2814940.00
2838032.00
2785238.00
2801366.00
2856269.00
2778994.00
2753858.00
2752058.00
2814168.00
2826618.00
2730728.00
2729331.00
2738047.00
2717289.00
2854031.00
2752007.00
2753486.00
2771064.00
2721888.00
2760100.00
2741735.00
2752353.00
2734402.00
2742157.00
2733002.00
2723259.00
2734401.00
2727224.00
2748377.00
2723931.00
2720437.00
********************
