920374.00
912980.00
975077.00
919244.00
972752.00
919995.00
916510.00
944244.00
931620.00
930201.00
921940.00
953632.00
949625.00
921906.00
934496.00
913706.00
913249.00
911781.00
938988.00
922184.00
919243.00
922687.00
944378.00
942485.00
966057.00
994546.00
971936.00
939685.00
937726.00
941144.00
912604.00
910854.00
961017.00
948041.00
943678.00
984211.00
931032.00
977775.00
984223.00
1004868.00
1021201.00
968730.00
923222.00
922725.00
929599.00
934691.00
922541.00
910807.00
911477.00
917400.00
********************
924259.00
928155.00
916690.00
1002588.00
945517.00
980331.00
946178.00
1016718.00
926044.00
948518.00
953128.00
937994.00
924946.00
998722.00
967303.00
936467.00
950898.00
920315.00
925284.00
959337.00
922327.00
938110.00
970105.00
908102.00
906737.00
940916.00
925863.00
941741.00
910452.00
957789.00
910928.00
947671.00
954781.00
930054.00
945953.00
914364.00
921436.00
934884.00
977560.00
934302.00
920305.00
927978.00
941789.00
917659.00
912326.00
913301.00
906751.00
927595.00
915715.00
934378.00
********************
2283857.00
2378130.00
2326135.00
2344247.00
2271371.00
2293445.00
2280154.00
2268958.00
2266420.00
2285560.00
2261704.00
2260810.00
2288264.00
2258051.00
2283091.00
2253944.00
2273141.00
2254798.00
2266876.00
2272294.00
2278685.00
2292742.00
2260538.00
2324536.00
2291560.00
2353360.00
2283417.00
2321851.00
2303888.00
2300073.00
2293033.00
2296560.00
2319895.00
2265892.00
2365100.00
2287000.00
2359840.00
2292431.00
2316801.00
2315463.00
2360003.00
2267303.00
2343671.00
2300331.00
2312837.00
2303400.00
2291641.00
2295847.00
2274352.00
2308052.00
********************
